Cluster 0:
Seminar: 0.5272727272727272
Imaginative entry: 0.16363636363636364
Deliberation: 0.14545454545454545
Social: 0.10909090909090909
Procedure: 0.03636363636363636
UX: 0.01818181818181818

Cluster 1:
Seminar: 0.7322033898305085
Deliberation: 0.13898305084745763
UX: 0.04745762711864407
Procedure: 0.03389830508474576
Imaginative entry: 0.023728813559322035
Social: 0.013559322033898305
Seminar, Deliberation: 0.006779661016949152
Imaginative: 0.003389830508474576

Cluster 2:
Deliberation: 0.2358490566037736
Procedure: 0.22641509433962265
UX: 0.2169811320754717
Seminar: 0.16037735849056603
Social: 0.1509433962264151
Social, Procedure: 0.009433962264150943

Cluster 3:
Social: 0.40594059405940597
Seminar: 0.24752475247524752
Deliberation: 0.09900990099009901
Procedure: 0.0891089108910891
UX: 0.06930693069306931
Other: 0.0594059405940594
Imaginative entry: 0.009900990099009901
Social, Deliberation: 0.009900990099009901
Imaginative: 0.009900990099009901

Cluster 4:
UX: 0.3333333333333333
Social: 0.3333333333333333
Procedure: 0.16666666666666666
Deliberation: 0.16666666666666666

Cluster 5:
Seminar: 0.9583333333333334
Imaginative entry: 0.020833333333333332
Deliberation, Seminar: 0.020833333333333332

