Cluster 0:
Seminar: 0.864963503649635
Imaginative entry: 0.04744525547445255
Deliberation: 0.025547445255474453
Other: 0.01824817518248175
Social: 0.01824817518248175
Seminar, Deliberation: 0.0072992700729927005
UX: 0.0072992700729927005
Procedure: 0.0036496350364963502
Deliberation, Seminar: 0.0036496350364963502
Imaginative: 0.0036496350364963502

Cluster 1:
Social: 0.4188034188034188
Deliberation: 0.1623931623931624
Procedure: 0.15384615384615385
Seminar: 0.1452991452991453
UX: 0.10256410256410256
Other: 0.008547008547008548
Social, Deliberation: 0.008547008547008548

Cluster 2:
Seminar: 0.37158469945355194
Deliberation: 0.26229508196721313
UX: 0.13114754098360656
Procedure: 0.13114754098360656
Social: 0.07650273224043716
Imaginative entry: 0.0273224043715847

Cluster 3:
UX: 1.0

Cluster 4:
Deliberation: 0.42857142857142855
UX: 0.2857142857142857
Procedure: 0.14285714285714285
Seminar: 0.047619047619047616
Social: 0.047619047619047616
Social, Procedure: 0.047619047619047616

Cluster 5:
Seminar: 0.7692307692307693
Deliberation: 0.15384615384615385
Imaginative: 0.07692307692307693

